on off 
unsigned int  rawData[67] = {9000,4400, 650,1550, 650,1600, 650,500, 600,500, 650,450, 650,500, 650,450, 650,1600, 650,1600, 600,500, 650,1600, 650,450, 650,1600, 650,450, 650,1600, 650,450, 650,500, 650,450, 650,500, 650,450, 650,1600, 650,450, 650,500, 650,1550, 650,1600, 650,1600, 650,1600, 600,1600, 650,500, 650,1600, 600,1600, 650,500, 650};  // NEC C1AA09F6
unsigned int  data = 0xC1AA09F6;

search 
unsigned int  rawData[67] = {8950,4400, 650,1600, 650,1550, 650,500, 650,450, 650,500, 650,450, 650,450, 650,1600, 650,1600, 650,450, 650,1600, 650,500, 600,1600, 650,500, 650,1550, 650,500, 650,450, 650,500, 600,1600, 650,1600, 650,450, 650,500, 650,450, 650,1600, 650,1600, 650,1550, 650,500, 650,450, 650,1600, 650,1600, 650,1600, 600,500, 650};  // NEC C1AA31CE
unsigned int  data = 0xC1AA31CE;

computer
unsigned int  rawData[67] = {8950,4400, 650,1600, 650,1550, 650,500, 650,450, 650,500, 600,500, 650,450, 650,1600, 650,1600, 650,450, 650,1600, 650,450, 650,1600, 650,500, 600,1600, 650,500, 650,450, 650,450, 650,1600, 650,500, 650,1550, 650,500, 650,450, 650,1600, 650,1600, 650,1550, 650,500, 650,1600, 600,500, 650,1600, 650,1550, 650,500, 650};  // NEC C1AA29D6
unsigned int  data = 0xC1AA29D6;

video
unsigned int  rawData[67] = {9000,4350, 650,1600, 650,1600, 650,450, 650,500, 650,450, 650,450, 650,500, 650,1600, 600,1600, 650,500, 650,1550, 650,500, 650,1600, 600,500, 650,1600, 650,450, 650,450, 650,500, 650,450, 650,500, 650,1550, 650,1600, 650,1600, 650,450, 650,1600, 650,1600, 650,1550, 650,1600, 650,500, 600,500, 650,450, 650,1600, 650};  // NEC C1AA0EF1
unsigned int  data = 0xC1AA0EF1;

usb
unsigned int  rawData[67] = {9000,4350, 650,1600, 650,1600, 600,500, 650,500, 600,500, 650,450, 650,500, 600,1650, 600,1600, 650,500, 600,1650, 600,500, 650,1600, 600,500, 650,1600, 600,500, 650,500, 600,1600, 650,1600, 650,500, 600,1600, 650,1600, 650,1600, 600,500, 650,1600, 650,450, 650,500, 600,1600, 650,500, 600,500, 650,500, 600,1600, 650};  // NEC C1AA6E91
unsigned int  data = 0xC1AA6E91;

lan
unsigned int  rawData[67] = {9000,4400, 650,1600, 600,1600, 650,500, 650,450, 650,450, 650,500, 650,450, 650,1600, 650,1600, 650,450, 650,1600, 650,450, 650,1600, 650,450, 650,1600, 650,500, 600,500, 650,450, 650,1600, 650,500, 600,1600, 650,1600, 650,1600, 650,450, 650,1600, 650,1600, 600,500, 650,1600, 650,450, 650,500, 600,500, 650,1600, 650};  // NEC C1AA2ED1
unsigned int  data = 0xC1AA2ED1;

up
unsigned int  rawData[67] = {8950,4400, 650,1600, 650,1550, 650,500, 650,450, 650,500, 600,500, 650,500, 600,1600, 650,1600, 650,450, 650,1600, 650,500, 600,1600, 650,500, 600,1600, 650,500, 650,450, 650,500, 600,500, 650,450, 650,1600, 650,1600, 650,450, 650,1600, 650,1600, 600,1600, 650,1600, 650,1600, 650,450, 650,500, 600,1600, 650,500, 650};  // NEC C1AA0DF2
unsigned int  data = 0xC1AA0DF2;

down
unsigned int  rawData[67] = {9000,4350, 700,1550, 650,1600, 650,450, 650,500, 650,450, 650,500, 650,450, 650,1600, 650,1550, 700,450, 650,1600, 650,450, 650,1600, 650,450, 650,1600, 650,450, 650,500, 650,1550, 700,450, 650,450, 650,1600, 650,1600, 650,450, 650,1600, 650,1600, 650,450, 650,1600, 650,1600, 650,450, 650,450, 650,1600, 650,500, 650};  // NEC C1AA4DB2
unsigned int  data = 0xC1AA4DB2;

left
unsigned int  rawData[67] = {8950,4400, 650,1600, 650,1600, 600,500, 650,450, 650,500, 650,450, 650,500, 600,1600, 650,1600, 650,450, 650,1600, 650,500, 600,1600, 650,500, 600,1600, 650,500, 650,1600, 600,1600, 650,500, 600,500, 650,1600, 650,1600, 600,500, 650,1600, 650,450, 650,450, 650,1600, 650,1600, 650,450, 650,500, 650,1550, 650,500, 650};  // NEC C1AACD32
unsigned int  data = 0xC1AACD32;

right
unsigned int  rawData[67] = {9000,4350, 650,1600, 650,1600, 650,450, 650,450, 650,500, 650,450, 650,500, 650,1550, 650,1600, 650,500, 650,1550, 650,500, 650,1550, 650,500, 650,1600, 650,450, 650,1600, 650,450, 650,500, 650,450, 650,1600, 650,1550, 650,500, 650,1600, 650,450, 650,1600, 650,1550, 650,1600, 650,500, 650,450, 650,1600, 650,450, 650};  // NEC C1AA8D72
unsigned int  data = 0xC1AA8D72;

enter
unsigned int  rawData[67] = {9000,4400, 650,1600, 650,1550, 650,500, 650,450, 650,450, 700,450, 650,450, 650,1600, 650,1600, 650,450, 650,1600, 650,450, 650,1600, 650,450, 700,1550, 650,500, 650,1550, 650,500, 650,1550, 700,450, 650,450, 650,500, 650,450, 650,1600, 650,450, 650,1600, 650,450, 650,1600, 650,1600, 650,1600, 650,1550, 650,500, 650};  // NEC C1AAA15E
unsigned int  data = 0xC1AAA15E;

zoomin+
unsigned int  rawData[67] = {9000,4400, 650,1550, 650,1600, 650,500, 650,450, 650,450, 650,500, 650,450, 650,1600, 650,1600, 650,450, 650,1600, 650,450, 650,1600, 650,450, 650,1600, 650,450, 650,500, 650,450, 650,500, 650,1550, 650,500, 650,450, 650,500, 650,1550, 650,1600, 650,1600, 650,1600, 650,450, 650,1600, 650,1600, 650,1550, 650,500, 650};  // NEC C1AA11EE
unsigned int  data = 0xC1AA11EE;

zoom out-

unsigned int  rawData[67] = {9000,4350, 650,1600, 650,1600, 600,500, 650,500, 600,500, 650,450, 650,500, 650,1600, 600,1600, 650,500, 600,1600, 650,500, 650,1600, 600,500, 650,1600, 600,500, 650,1600, 650,450, 650,500, 600,1600, 650,500, 650,450, 650,500, 600,1600, 650,500, 650,1600, 600,1600, 650,500, 600,1600, 650,1600, 650,1600, 650,450, 650};  // NEC C1AA916E
unsigned int  data = 0xC1AA916E;


freeze
unsigned int  rawData[67] = {9000,4350, 650,1600, 650,1600, 650,450, 650,450, 700,450, 650,450, 650,500, 650,1550, 700,1550, 650,500, 650,1550, 650,500, 650,1550, 700,450, 650,1600, 650,450, 650,450, 700,1550, 650,500, 650,450, 650,1600, 650,450, 650,500, 650,1550, 650,1600, 650,450, 700,1550, 650,1600, 650,450, 650,1600, 650,1600, 650,450, 650};  // NEC C1AA49B6
unsigned int  data = 0xC1AA49B6;

